00000000000000000000000000000000000000011111000000000000000000000000000000000000000
00000000000000000000000000000000000000111111100000000000000000000000000000000000000
00000000000000000000000000000000000000111111100000000000000000000000000000000000000
00000000000000000000000000000000000000111111100000000000000000000000000000000000000
00000000000000000000000000000000000000111111100000000000000000000000000000000000000
00000000000000000000000000000000000000111111100000000000000000000000000000000000000
00000000000000000000000000000000000000111111100000000000000000000000000000000000000
00000000000000000000000000000000000000111111100000000000000000000000000000000000000
00000000000000000000000000000000000000111111100000000000000000000000000000000000000
00000000000000000000000000000000000000111111100000000000000000000000000000000000000
00000000000000000000000000000000000000111111100000000000000000000000000000000000000
00000000000011111000000000000000000000111111100000000000000000000011111000000000000
00000000000111111100000000000000000000111111100000000000000000000111111100000000000
00000000000111111110000000000000000000111111100000000000000000001111111100000000000
00000000000111111111000000000000000000011111000000000000000000011111111100000000000
00000000000111111111100000000000000000000000000000000000000000111111111100000000000
00000000000111111111110000000000000000000000000000000000000001111111111100000000000
00000000000011111111111000000000000000000000000000000000000011111111111000000000000
00000000000001111111111100000000000000000000000000000000000111111111110000000000000
00000000000000111111111100000000000000000000000000000000000111111111100000000000000
00000000000000011111111100000000000000000000000000000000000111111111000000000000000
00000000000000001111111100000000000111111111111100000000000111111110000000000000000
00000000000000000111111000000000011111111111111111000000000011111100000000000000000
00000000000000000011110000000001111111111111111111110000000001111000000000000000000
00000000000000000000000000000111111111111111111111111100000000000000000000000000000
00000000000000000000000000001111111111111111111111111110000000000000000000000000000
00000000000000000000000000011111111111111111111111111111000000000000000000000000000
00000000000000000000000000111111111111111111111111111111100000000000000000000000000
00000000000000000000000001111111111111110001111111111111110000000000000000000000000
00000000000000000000000011111111111100000000000111111111111000000000000000000000000
00000000000000000000000011111111110000000000000001111111111000000000000000000000000
00000000000000000000000111111111100000000000000000111111111100000000000000000000000
00000000000000000000000111111111000000000000000000011111111100000000000000000000000
00000000000000000000001111111110000000000000000000001111111110000000000000000000000
00000000000000000000001111111100000000000000000000000111111110000000000000000000000
00000000000000000000011111111100000000000000000000000111111111000000000000000000000
00000000000000000000011111111000000000000000000000000011111111000000000000000000000
00000000000000000000011111111000000000000000000000000011111111000000000000000000000
01111111111111000000011111111000000000000000000000000011111111000000011111111111110
11111111111111100000011111110000000000000000000000000001111111000000111111111111111
11111111111111100000011111110000000000000000000000000001111111000000111111111111111
11111111111111100000011111110000000000000000000000000001111111000000111111111111111
11111111111111100000011111110000000000000000000000000001111111000000111111111111111
11111111111111100000011111110000000000000000000000000001111111000000011111111111111
01111111111111000000011111111000000000000000000000000011111111000000011111111111110
00000000000000000000011111111000000000000000000000000011111111000000000000000000000
00000000000000000000011111111000000000000000000000000011111111000000000000000000000
00000000000000000000011111111100000000000000000000000111111111000000000000000000000
00000000000000000000001111111100000000000000000000000111111110000000000000000000000
00000000000000000000001111111110000000000000000000001111111110000000000000000000000
00000000000000000000000111111111000000000000000000011111111100000000000000000000000
00000000000000000000000111111111100000000000000000111111111100000000000000000000000
00000000000000000000000011111111110000000000000001111111111000000000000000000000000
00000000000000000000000011111111111100000000000111111111111000000000000000000000000
00000000000000000000000001111111111111100000111111111111110000000000000000000000000
00000000000000000000000000111111111111111111111111111111100000000000000000000000000
00000000000000000000000000011111111111111111111111111111000000000000000000000000000
00000000000000000000000000001111111111111111111111111110000000000000000000000000000
00000000000000000000000000000111111111111111111111111100000000000000000000000000000
00000000000000000011110000000001111111111111111111110000000001111000000000000000000
00000000000000000111111000000000011111111111111111000000000011111100000000000000000
00000000000000001111111100000000000111111111111100000000000111111110000000000000000
00000000000000011111111100000000000000000000000000000000000111111111000000000000000
00000000000000111111111100000000000000000000000000000000000111111111100000000000000
00000000000001111111111100000000000000000000000000000000000111111111110000000000000
00000000000011111111111000000000000000000000000000000000000011111111111000000000000
00000000000111111111110000000000000000000000000000000000000001111111111100000000000
00000000000111111111100000000000000000000000000000000000000000111111111100000000000
00000000000111111111000000000000000000011111000000000000000000011111111100000000000
00000000000111111110000000000000000000111111100000000000000000001111111100000000000
00000000000111111100000000000000000000111111100000000000000000000111111100000000000
00000000000011111000000000000000000000111111100000000000000000000011111000000000000
00000000000000000000000000000000000000111111100000000000000000000000000000000000000
00000000000000000000000000000000000000111111100000000000000000000000000000000000000
00000000000000000000000000000000000000111111100000000000000000000000000000000000000
00000000000000000000000000000000000000111111100000000000000000000000000000000000000
00000000000000000000000000000000000000111111100000000000000000000000000000000000000
00000000000000000000000000000000000000111111100000000000000000000000000000000000000
00000000000000000000000000000000000000111111100000000000000000000000000000000000000
00000000000000000000000000000000000000111111100000000000000000000000000000000000000
00000000000000000000000000000000000000111111100000000000000000000000000000000000000
00000000000000000000000000000000000000111111100000000000000000000000000000000000000
00000000000000000000000000000000000000011111000000000000000000000000000000000000000
