00000000000000000000000000000000000000000000000000111110000000000000000000000000000
00000000000000000000000000000000000000000000000000111111000000000000000000000000000
00000000000000000000000000000000000000000000000000111111000000000000000000000000000
00000000000000000000000000000000000000000000000000111111000000000000000000000000000
00000000000000000000000000000000000000000000000000111111000000000000000000000000000
00000000000000000000000000000000000000000000000000111111000000000000000000000000000
00000000000000000000000000000000000000000000000000111111000000000000000000000000000
00000000000000000000000000000000000000000000000000111111000000000000000000000000000
00000000000000000000000000000001111100000000000000111111000000000000001111100000000
00000000000000000000000000000001111110000000000000111111000000000000011111100000000
00000000000000000000000000000011111110000000000000011110000000000000111111100000000
00000000000000000000000000000001111111000000000000000000000000000001111111100000000
00000000000000000000000000000001111111000000000000000000000000000011111111100000000
00000000000000000000000000000000111111000000000000000000000000000011111111000000000
00000000000000000000000000000000011110000000000000000000000000000011111110000000000
00000000000000000000000000000000000000000000000011111111110000000011111100000000000
00000000000000000000000000000000000000000000001111111111111100000011111000000000000
00000000000000000000000000000000000000000000111111111111111111000000100000000000000
00000000000000000000000000000111111111100001111111111111111111100000000000000000000
00000000000000000000000000011111111111111111111111111111111111110000000000000000000
00000000000000000000000001111111111111111111111111111111111111111000000000000000000
00000000000000000000000011111111111111111111111110000000011111111100000000000000000
00000000000000000000001111111111111111111111111100000000001111111100000000000000000
00000000000000000000011111111111111111111111111000000000000111111110000000000000000
00000000000000000000011111111100000000011111111100000000000011111110000000000000000
00000000000000000000111111110000000000001111111110000000000001111110000000000000000
00000000000000000001111111100000000000000011111111000000000000111111000000000000000
00000000000000000001111111000000000000000001111111000000000000111111000001111111110
00000000000000000011111110000000000000000000111111000000000000111111000011111111111
00000000000000000011111110000000000000000000111111100000000000111111000011111111111
00000000000000000011111100000000000000000000011111100000000000111111000011111111111
00000000000000001111111100000000000000000000011111111111100000111111000011111111111
00000000000000111111111000000000000000000000001111111111111000111111000001111111110
00000000000011111111111000000000000000000000001111111111111100111111000000000000000
00000000000111111111111000000000000000000000001111111111111111111111000000000000000
00000000001111111111111000000000000000000000001111111111111111111110000000000000000
00000000011111111111100000000000000000000000000000000111111111111110000000000000000
00000000011111111000000000000000000000000000000000000000111111111100000000000000000
00000000111111110000000000000000000000000000000000000000011111111100000000000000000
00000000111111100000000000000000000000000000000000000000001111111000000000000000000
00000001111111000000000000000000000000000000000000000000000111111000000000000000000
00000001111110000000000000000000000000000000000000000000000111111000000000000000000
00000000000000000000000000000000000000000000000000000000000000000000000000000000000
00000000000000000000000000000000000000000000000000000000000000000000000000000000000
00000000000000000000000000000000000000000000000000000000000000000000000000000000000
00000000111111111111111111111111111111111111111111111111111111110000011100000000000
00000001111111111111111111111111111111111111111111111111111111111000111111000000000
00000001111111111111111111111111111111111111111111111111111111111100111111100000000
00000001111111111111111111111111111111111111111111111111111111111100111111100000000
00000001111111111111111111111111111111111111111111111111111111111000111111100000000
00000000111111111111111111111111111111111111111111111111111111110000011111100000000
00000000000000000000000000000000000000000000000000000000000000000000001111100000000
00000000000000000000000000000000000000000000000000000000000000000000000110000000000
00000000000000000000000000000000000000000000000000000000000000000000000000000000000
01111111111111111111111111111111111111111111111111111111100000000000000000000000000
11111111111111111111111111111111111111111111111111111111110000000000000000000000000
11111111111111111111111111111111111111111111111111111111110000000000000000000000000
11111111111111111111111111111111111111111111111111111111110000000000000000000000000
11111111111111111111111111111111111111111111111111111111110000000000000000000000000
01111111111111111111111111111111111111111111111111111111100000000000000000000000000
00000000000000000000000000000000000000000000000000000000000000000000000000000000000
00000000000000000000000000000000000000000000000000000000000000000000000000000000000
00000000000000000000000000000000000000000000000000000000000000000000000000000000000
00000000000001111111111111111111111111111111111111111111111111111111110000000000000
00000000000011111111111111111111111111111111111111111111111111111111111000000000000
00000000000011111111111111111111111111111111111111111111111111111111111000000000000
00000000000011111111111111111111111111111111111111111111111111111111111000000000000
00000000000011111111111111111111111111111111111111111111111111111111110000000000000
