000000011111000000000000000000
000000111111000000000000000000
000001111111000000000000000000
000011111111000000000000000000
000111111111000000000000000000
001111111110000000000000000000
011111111100000000000000000000
111111111111111111111111111111
111111111111111111111111111111
111111111111111111111111111111
111111111111111111111111111111
111111111111111111111111111111
011111111100000000000000000000
001111111110000000000000000000
000111111111000000000000000000
000011111111000000000000000000
000001111111000000000000000000
000000111111000000000000000000
000000011111000000000000000000
