000000000000001100000000000000
000000000011111111111000000000
000000000111111111111100000000
000000011111111111111111000000
000000011111111111111111000000
000000111111100001111111100000
000000111111000000111111100000
000000111111000000011111100000
000000111110000000011111100000
000000111100000000011111100000
000000000000000000111111100000
000000000000000000111111100000
000000000000000011111111000000
000000000000000111111110000000
000000000000001111111100000000
000000000000011111111000000000
000000000000111111110000000000
000000000000111111000000000000
000000000000111111000000000000
000000000000111110000000000000
000000000000011110000000000000
000000000000000000000000000000
000000000000000000000000000000
000000000000000000000000000000
000000000000011110000000000000
000000000000111111000000000000
000000000000111111000000000000
000000000000111111000000000000
000000000000111111000000000000
000000000000111110000000000000
