111111000000000000000000000000
111111100000000000000000000000
111111110000000000000000000000
111111111000000000000000000000
111111111100000000000000000000
111111111110000000000000000000
011111111111000000000000000000
001111111111100000000000000000
000111111111110000000000000000
000011111111111000000000000000
000001111111111100000000111111
000000111111111110000001111111
000000011111111111000001111111
000000001111111111100001111111
000000000111111111110001111111
000000000011111111111001111111
000000000001111111111101111111
000000000000111111111111111111
000000000000011111111111111111
000000000000001111111111111111
000000000000000111111111111111
000000000000000011111111111111
000000000000000001111111111111
000000000000111111111111111111
000000000011111111111111111111
000000000011111111111111111111
000000000011111111111111111111
000000000011111111111111111111
000000000011111111111111111111
000000000001111111111111111111
