000000000000000000111110000000
000000000000000000111111000000
000000000000000000111111100000
000000000000000000111111110000
000000000000000000111111111000
000000000000000000011111111100
000000000000000000001111111110
111111111111111111111111111111
111111111111111111111111111111
111111111111111111111111111111
111111111111111111111111111111
111111111111111111111111111111
000000000000000000001111111110
000000000000000000011111111100
000000000000000000111111111000
000000000000000000111111110000
000000000000000000111111100000
000000000000000000111111000000
000000000000000000111110000000
