0000000111110000000
0000001111111000000
0000011111111100000
0000111111111110000
0001111111111111000
0011111111111111100
0111111111111111110
1111111111111111111
1111111111111111111
1111111111111111111
1111110111110111111
1111100111110011111
0000000111110000000
0000000111110000000
0000000111110000000
0000000111110000000
0000000111110000000
0000000111110000000
0000000111110000000
0000000111110000000
0000000111110000000
0000000111110000000
0000000111110000000
0000000111110000000
0000000111110000000
0000000111110000000
0000000111110000000
0000000111110000000
0000000111110000000
0000000111110000000
