111111111111111111100000000000
111111111111111111110000000000
111111111111111111110000000000
111111111111111111110000000000
111111111111111111110000000000
111111111111111111110000000000
111111111111111111000000000000
111111111111100000000000000000
111111111111110000000000000000
111111111111111000000000000000
111111111111111100000000000000
111111111111111110000000000000
111111111111111111000000000000
111111101111111111100000000000
111111100111111111110000000000
111111100011111111111000000000
111111100001111111111100000000
111111100000111111111110000000
111111100000011111111111000000
011111000000001111111111100000
000000000000000111111111110000
000000000000000011111111111000
000000000000000001111111111100
000000000000000000111111111110
000000000000000000011111111111
000000000000000000001111111111
000000000000000000000111111111
000000000000000000000011111111
000000000000000000000001111111
000000000000000000000000111111
